29
-3513411 2913314 2223054
97311 1251584 9264424
1981367 -9233325 6236014
9351449 -1219391 5339690
-9394771 -7129445 -1780652
8910632 2432988 5812018
-5191409 1587622 -7061841
-77945 5573611 4151010
2389524 -1653749 -8987613
8589852 738150 7805431
6194396 7224738 718745
-1582549 -2677951 -8029670
-2318125 9303415 -7262996
-6082111 8654865 1517613
9257578 9260094 4388167
-2523073 8170727 -3178845
-6711054 -7020682 8408776
-3772896 2901373 3982387
-9621885 -4709103 -7671361
-8609499 -6119250 3066788
9195931 -9924853 291527
-85323 -1507403 7613575
1885006 6174472 6916991
4622009 -9907639 5571857
-3860377 9349939 4831951
-9472210 -3173133 3002679
-2651055 115812 5981996
-4242279 6342916 -1116631
9740108 6721030 4174266
